SMILE________________________________________________

0.7397634212920837
[[41, 28], [67, 53], [9, 12], [44, 18], [26, 40], [12, 15], [37, 61], [64, 46], [49, 34], [51, 5], [65, 45], [46, 30]]

0.7670609645131938
[[45, 6], [7, 51], [18, 36], [50, 65], [8, 6], [6, 36], [65, 62], [29, 20], [51, 66], [23, 61], [51, 29], [18, 58]]

0.7843494085532302
[[58, 16], [34, 53], [3, 64], [59, 10], [26, 1], [54, 36], [66, 28], [10, 54], [50, 25], [28, 57], [40, 54], [56, 29]]

[[19, 61], [6, 56], [35, 53], [33, 55], [26, 33], [67, 39], [9, 29], [58, 48], [9, 40], [16, 55], [11, 55], [20, 39], [16, 15], [29, 63], [0, 15], [53, 49], [44, 56], [0, 55], [35, 52], [54, 61], [45, 20], [62, 32], [16, 0], [19, 66], [7, 22], [12, 37], [4, 59], [11, 35], [45, 35], [11, 64]]
0.8285243198680956

[[60, 64], [1, 49]]
0.72959604286892

[[4, 50], [50, 29], [60, 64], [1, 49]]
0.7774113767518549

[[12, 27], [5, 18], [3, 51], [55, 30], [18, 11], [65, 50], [34, 60], [46, 10], [38, 49], [9, 53], [6, 46], [28, 44], [1, 59], [33, 21], [8, 31], [19, 20]]
0.8054410552349547

[[59, 37], [21, 11], [10, 60], [4, 10], [35, 23], [48, 7]]
0.7906018136850783

[[56, 43], [58, 35], [60, 43], [7, 55], [21, 3], [22, 15]]
0.7493816982687551

[[16, 36], [40, 10], [53, 62], [46, 47], [6, 47], [17, 34]]
0.7436108821104699

[[17, 66], [49, 48], [59, 25], [56, 59], [36, 29], [5, 18], [44, 65], [34, 37], [22, 30], [62, 3], [56, 18], [15, 53], [61, 14], [46, 61]]
0.8103874690849134

[[64, 49], [36, 58], [32, 43], [27, 54], [45, 19], [36, 9], [35, 45], [15, 33], [15, 18], [63, 44], [10, 50], [20, 25], [39, 13], [60, 10]]
0.8285243198680956

GEN____________________________________________________
0.7888989990900819
[[67, 49], [67, 44], [47, 46], [58, 13], [46, 9], [54, 59], [14, 3], [16, 30], [35, 40], [15, 7], [36, 21], [56, 46], [44, 39], [32, 52], [32, 58], [12, 65], [47, 48], [44, 30], [65, 11], [14, 23], [47, 22], [64, 34], [61, 55], [64, 59], [57, 22], [39, 7], [31, 34], [42, 24], [22, 48], [62, 12], [23, 48], [59, 10], [34, 21], [27, 51], [54, 38], [26, 27], [42, 60], [16, 21], [62, 3], [47, 41], [2, 26], [61, 39], [5, 4], [41, 62], [15, 66], [15, 11], [25, 58], [52, 22]]